201204020262518
201204020262520
201204020262531
201204020262543
201204020262555
201204020262567
201204020262579
201204020262580
201204020262592
201204020262609
201204020262610
201204020262622
201204020262634
201204020262646
201204020262660
201204020262671
201204020262683
201204020262695
201204020262701
201204020262713
201204020262725
201204020262737
201204020262749
201204020262750
201204020262762
201204020262774
201204020262786
201204020262798
201204020262804
201204020262816
201204020262828
201204020262830
201204020262841
201204020262853
201204020262865
201204020262877
201204020262889
201204020262920
201204020262932
201204020262944
201204020262956
201204020262968
201204020262970
201204020262981
201204020262993
201204020263006
201204020263018
201204020263020
201204020263031
201204020263043
201204020263055
201204020263067
201204020263079
201204020263080
201204020263092
201204020263109
201204020263110
201204020263122
201204020263134
201204020263146
201204020263158
201204020263160
201204020263171
201204020263183
201204020263195
201204020263201
201204020263213
201204020263225
201204020263237
201204020263249
201204020263250
201204020263262
201204020263274
201204020263286
201204020263298
201204020263304
201204020263316
201204020263328
201204020263330
201204020263341
201204020263353
201204020263365
201204020263377
201204020263407
201204020263419
201204020263420
201204020263432
201204020263444
201204020263456
201204020263468
201204020263470
201204020263481
201204020263493
201204020263500
201204020263511
201204020263523
201204020263535
201204020263547
201204020263559
201204020263560
201204020263572
201204020263584
201204020263596
201204020263602
201204020263614
201204020263626
201204020263638
201204020263640
201204020263651
201204020263663
201204020263675
201204020263687
201204020263699
201204020263705
201204020263717
201204020263729
201204020263730
201204020263742
201204020263754
201204020263766
201204020263778
201204020263780
201204020263791
201204020263808
201204020263810
201204020263821
201204020263833
201204020263845
201204020263857
201204020263869
201204020263870
201204020263882
201204020263894
201204020263900
201204020263912
201204020263924
201204020263936
201204020263948
201204020263950
201204020263961
201204020263973
201204020263985
201204020263997
201204020264000
201204020264011
201204020264023
201204020264035
201204020264047
201204020264059
201204020264060
201204020264072
201204020264084
201204020264096
201204020264102
201204020264114
201204020264126
201204020264138
201204020264140
201204020264151
201204020264163
201204020264175
201204020264187
201204020264199
201204020264205
201204020264217
201204020264229
201204020264230
201204020264242
201204020264254
201204020264266
201204020264278
201204020264280
201204020264291
201204020264308
201204020264310
201204020264321
201204020264333
201204020264345
201204020264357
201204020264369
201204020264370
201204020264382
201204020264394
201204020264400
201204020264412
201204020264424
201204020264436
201204020264448
201204020264450
201204020264461
201204020264473
201204020264485
201204020264497
201204020264503
201204020264515
201204020264527
201204020264539
201204020264540
201204020264552
201204020264564
201204020264576
201204020264588
201204020264590
201204020264606
201204020264618
201204020264620
201204020264631
201204020264643
201204020264655
201204020264667
201204020264679
201204020264680
201204020264692
201204020264709
201204020264710
201204020264722
201204020264734
201204020264746
201204020264758
201204020264760
201204020264771
201204020264783
201204020264795
201204020264801
201204020264813
201204020264825
201204020264837
201204020264849
201204020264850
201204020264862
201204020264874
201204020264886
201204020264898
201204020264904
201204020264916
201204020264928
201204020264930
201204020264941
201204020264953
201204020264965
201204020264977
201204020264989
201204020265015
201204020265027
201204020265039
201204020265040
201204020265052
201204020265064
201204020265076
201204020265088
201204020265090
201204020265106
201204020265118
201204020265120
201204020265131
201204020265143
201204020265155
201204020265167
201204020265179
201204020265180
201204020265192
201204020265209
201204020265210
201204020265222
201204020265234
201204020265246
201204020265258
201204020265260
201204020265271
201204020265283
201204020265295
201204020265301
201204020265313
201204020265325
201204020265337
201204020265349
201204020265350
201204020265362
201204020265374
201204020265386
201204020265398
201204020265404
201204020265416
201204020265428
201204020265430
201204020265441
201204020265453
201204020265465
201204020265477
201204020265489
201204020265490
201204020265507
201204020265519
201204020265520
201204020265532
201204020265544
201204020265556
201204020265570
201204020265581
201204020265611
201204020265623
201204020265635
201204020265647
201204020265659
201204020265660
201204020265672
201204020265684
201204020265696
201204020265702
201204020265714
201204020265726
201204020265738
201204020265740
201204020265751
201204020265763
201204020265775
201204020265787
201204020265799
201204020265805
201204020265817
201204020265829
201204020265830
201204020265842
201204020265854
201204020265866
201204020265878
201204020265880
201204020265891
201204020265908
201204020265910
201204020265921
201204020265933
201204020265945
201204020265957
201204020265969
201204020265970
201204020265982
201204020265994
201204020266007
201204020266019
201204020266020
201204020266032
201204020266044
201204020266056
201204020266068
201204020266070
201204020266081
201204020266093
201204020266100
201204020266111
201204020266123
201204020266135
201204020266147
201204020266159
201204020266160
201204020266172
201204020266184
201204020266196
201204020266202
201204020266214
201204020266226
201204020266238
201204020266240
201204020266251
201204020266263
201204020266275
201204020266287
201204020266299
201204020266305
201204020266317
201204020266329
201204020266330
201204020266342
201204020266354
201204020266366
201204020266378
201204020266380
201204020266391
201204020266408
201204020266410
201204020266421
201204020266433
201204020266445
201204020266457
201204020266469
201204020266470
201204020266482
201204020266494
201204020266500
201204020266512
201204020266524
201204020266536
201204020266548
201204020266550
201204020266561
201204020266603
201204020266615
201204020266627
201204020266639
201204020266640
201204020266652
201204020266664
201204020266676
201204020266688
201204020266690
201204020266706
201204020266718
201204020266720
201204020266731
201204020266743
201204020266755
201204020266767
201204020266779
201204020266780
201204020266792
201204020266809
201204020266810
201204020266822
201204020266834
201204020266846
201204020266858
201204020266860
201204020266871
201204020266883
201204020266895
201204020266901
201204020266913
201204020266925
201204020266937
201204020266949
201204020266950
201204020266962
201204020266974
201204020266986
201204020266998
201204020267000
201204020267012
201204020267024
201204020267036
201204020267048
201204020267050
201204020267061
201204020267073
201204020267085
201204020267097
201204020267103
201204020267115
201204020267127
201204020267139
201204020267140
201204020267152
201204020267164
201204020267176
201204020267188
201204020267190
201204020267206
201204020267218
201204020267220
201204020267231
201204020267243
201204020267255
201204020267267
201204020267279
201204020267280
201204020267292
201204020267309
201204020267310
201204020267322
201204020267334
201204020267346
201204020267358
201204020267360
201204020267371
201204020267383
201204020267395
201204020267401
201204020267413
201204020267425
201204020267437
201204020267449
201204020267450
201204020267462
201204020267474
201204020267486
201204020267498
201204020267504
201204020267516
201204020267528
201204020267530
201204020267541
201204020267553
201204020267565
201204020267577
201204020267589
201204020267590
201204020267607
201204020267619
201204020267620
201204020267632
201204020267644
201204020267656
201204020267668
201204020267670
201204020267681
201204020267693
201204020267700
201204020267711
201204020267723
201204020267735
201204020267747
201204020267759
201204020267760
201204020267772
