201204020262592;
201204020262737;
201204020262762;
201204020262981;
201204020263020;
201204020263031;
201204020263043;
201204020263055;
201204020263249;
201204020263250;
201204020263262;
201204020263298;
201204020263304;
201204020263316;
201204020263328;
201204020263330;
201204020263353;
201204020263365;
201204020263377;
201204020263432;
201204020263444;
201204020263470;
201204020263481;
201204020263493;
201204020263511;
201204020263523;
201204020263535;
201204020263547;
201204020263559;
201204020263560;
201204020263602;
201204020263640;
201204020263651;
201204020263675;
201204020263687;
201204020264126;
201204020264138;
201204020264230;
201204020264333;
201204020264382;
201204020264394;
201204020264448;
201204020264450;
201204020264461;
201204020264539;
201204020264540;
201204020264886;
201204020264898;
201204020265027;
201204020265039;
201204020265040;
201204020265052;
201204020265064;
201204020265076;
201204020265088;
201204020265090;
201204020265106;
201204020265234;
201204020265246;
201204020265258;
201204020265283;
201204020265295;
201204020265301;
201204020265350;
201204020265430;
201204020265489;
201204020265490;
201204020265532;
201204020265570;
201204020265623;
201204020265635;
201204020265647;
201204020265659;
201204020265714;
201204020265726;
201204020265738;
201204020265740;
201204020265751;
201204020265799;
201204020265891;
201204020265921;
201204020266081;
201204020266093;
201204020266100;
201204020266184;
201204020266214;
201204020266251;
201204020266342;
201204020266664;
201204020266676;
201204020266688;
201204020266690;
201204020266706;
201204020266858;
201204020266860;
201204020266913;
201204020267220;
201204020267292;
201204020267309;
201204020267310;
201204020267322;
201204020267334;
201204020267346;
201204020267358;
201204020267401;
201204020267541;
201204020267553;
201204020267565;
201204020267577;
201204020267632;
201204020267656;
201204020267723;
201204020267747;
201204020267772;
201204020267784;
201204020267796;
201204020267802;
201204020267840;
201204020267851;
201204020268107;
201204020268119;
201204020268193;
201204020268259;
201204020268260;
201204020268272;
201204020268284;
201204020268296;
201204020268302;
201204020268314;
201204020268326;
201204020268338;
201204020268340;
201204020268351;
201204020268363;
201204020268375;
201204020268387;
201204020268399;
201204020268405;
201204020268417;
201204020268429;
201204020268650;
201204020268661;
201204020268790;
201204020268880;
201204020268892;
201204020269008;
201204020269057;
201204020269290;
201204020269306;
201204020269549;
201204020269653;
201204020269665;
201204020269768;
201204020269793;
201204020269800;
201204020269847;
201204020269872;
201204020269914;
201204020269926;
201204020269938;
201204020269940;
201204020269951;
201204020270059;
201204020270187;
201204020270199;
201204020270205;
201204020270217;
201204020270229;
201204020270242;
201204020270280;
201204020270291;
201204020270400;
201204020270424;
201204020270515;
201204020270527;
201204020270539;
201204020270540;
201204020270552;
201204020270564;
201204020270590;
201204020270606;
201204020270692;
201204020270709;
201204020270710;
201204020270722;
201204020270734;
201204020270746;
201204020270760;
201204020270916;
201204020270928;
201204020270989;
201204020270990;
201204020271040;
201204020271209;
201204020271210;
201204020271222;
201204020271234;
201204020271295;
201204020271337;
201204020271362;
201204020271374;
201204020271386;
201204020271398;
201204020271623;
201204020271635;
201204020271702;
201204020271714;
201204020271726;
201204020271740;
201204020271751;
201204020271787;
201204020272056;
201204020272147;
201204020272159;
201204020272184;
201204020272196;
201204020272214;
201204020272226;
201204020272305;
201204020272317;
201204020272329;
201204020272330;
201204020272342;
201204020272391;
201204020272408;
201204020272433;
201204020272639;
201204020272640;
201204020272652;
201204020272664;
201204020272676;
201204020272688;
201204020272743;
201204020272767;
201204020272792;
201204020272858;
201204020272895;
201204020272949;
201204020273140;
201204020273164;
201204020273565;
201204020273577;
201204020273670;
201204020273681;
201204020273693;
201204020273899;
201204020273905;
201204020273917;
201204020273929;
201204020273954;
201204020274326;
201204020274338;
201204020274340;
201204020274351;
201204020274387;
201204020274480;
201204020274880;
201204020274892;
201204020274909;
201204020275112;
201204020275173;
201204020275320;
201204020275392;
201204020275471;
201204020275707;
201204020275720;
201204020275800;
201204020275859;
201204020276086;
201204020276098;
201204020276153;
201204020276189;
201204020276190;
201204020276207;
201204020276219;
201204020276220;
201204020276232;
201204020276244;
201204020276396;
201204020276440;
201204020276475;
201204020276517;
201204020276529;
201204020276542;
201204020276992;
201204020277194;
201204020277200;
201204020277212;
201204020277560;
201204020277571;
201204020277947;
201204020277959;
201204020278204;
201204020278216;
201204020278228;
201204020278230;
201204020278241;
201204020278253;
201204020278472;
201204020278642;
201204020278654;
201204020278691;
201204020278708;
201204020278710;
201204020278721;
201204020278733;
201204020278745;
201204020278757;
201204020278794;
201204020278873;
201204020279002;
201204020279014;
201204020279026;
201204020279038;
201204020279040;
201204020279051;
201204020279063;
201204020279075;
201204020279087;
201204020279099;
201204020279117;
201204020279294;
201204020279300;
201204020279312;
201204020279324;
201204020279336;
201204020279348;
201204020279350;
201204020279361;
201204020279609;
201204020279610;
201204020279737;
201204020279750;
201204020279774;
201204020279853;
201204020279932;
201204020279956;
201204020280041;
201204020280107;
201204020280119;
201204020280168;
201204020280181;
201204020280302;
201204020280387;
201204020280399;
201204020280405;
201204020280417;
201204020280429;
201204020280430;
201204020280442;
201204020280454;
201204020280466;
201204020280478;
201204020280480;
201204020280491;
201204020280508;
201204020280510;
201204020280521;
201204020280533;
201204020280545;
201204020280557;
201204020280569;
201204020280570;
201204020280582;
201204020280594;
201204020280600;
201204020280612;
201204020280624;
201204020280636;
201204020280648;
201204020280650;
201204020280661;
201204020281150;
201204020281161;
201204020281173;
201204020281185;
201204020281197;
201204020281203;
201204020281215;
201204020281227;
201204020281239;
201204020281240;
201204020281513;
201204020281549;
201204020281630;
201204020281641;
201204020281653;
201204020281665;
201204020281677;
201204020281689;
201204020281690;
201204020281744;
201204020282001;
201204020282025;
201204020282062;
201204020282074;
201204020282256;
201204020282270;
201204020282438;
201204020282440;
201204020282475;
201204020282633;
201204020282803;
201204020282888;
201204020283005;
201204020283017;
201204020283080;
201204020283285;
201204020283388;
201204020283479;
201204020283595;
201204020283625;
201204020283911;
201204020283923;
201204020283959;
201204020283996;
201204020284009;
201204020284034;
201204020284046;
201204020284058;
201204020284060;
201204020284071;
201204020284083;
201204020284095;
201204020284101;
201204020284113;
201204020284125;
201204020284137;
201204020284149;
201204020284150;
201204020284162;
201204020284174;
201204020284381;
201204020284423;
201204020284472;
